0 0.14449728260869565 0.40669384057971014 0.024850543478260857 0.5047644927536232
0 0.5008423913043478 0.16346014492753624 0.7349184782608694 0.018306159420289837
0 0.8552309782608696 0.4947463768115942 0.023532608695652088 0.6791304347826087
0 0.6544972826086957 0.8273278985507246 0.43283967391304357 0.017436594202898552
0 0.44527173913043483 0.7418931159420289 0.01699728260869564 0.1900543478260869
0 0.2935733695652174 0.653840579710145 0.3230027173913044 0.012201086956521764
0 0.6061141304347827 0.3739945652173913 0.011766304347826044 0.4358967391304348
0 0.29096467391304354 0.44461050724637685 0.3177717391304348 0.008713768115942034
0 0.4439538043478261 0.3012047101449275 0.011766304347826044 0.2972826086956522
0 0.5262364130434782 0.31004528985507246 0.17243206521739127 0.008496376811594198
0 0.7339266304347826 0.3780072463768116 0.2684239130434782 0.008496376811594198
0 0.7346739130434783 0.5869384057971014 0.2688451086956521 0.011530797101449292