0 0.23230281051677246 0.5031038905515177 0.009558779087337597 0.5592560923471569
0 0.4873043215472953 0.23005130397605816 0.5190268963433062 0.014647285164600253
0 0.7415170746449078 0.5024839675074818 0.009948624962224258 0.5595596408721676
0 0.4870534904805078 0.7755151774262505 0.5191538229072228 0.013882000855066181
0 0.4464853430039287 0.34248824283882 0.0039105469930492765 0.2393843522873022
0 0.40515865820489577 0.4594142796066695 0.14966757328498034 0.0055322787516032725
0 0.40624962224236927 0.564809747755451 0.14759141734663042 0.005485250106883252
0 0.4780326382592928 0.5468832834544678 0.0037262012692656173 0.1801154339461308
0 0.3445240253853128 0.5118982471141513 0.0036446056210335284 0.11088926891834112
0 0.2870716228467815 0.5130354852501069 0.11872771229978848 0.005344164172723386
0 0.6355061952251435 0.37325780247969215 0.22270776669688722 0.0055408294142796225
0 0.5259171955273496 0.5192902949978623 0.003526745240253875 0.2976058144506199
0 0.6353006950740405 0.6650961949551091 0.22260199456029017 0.0052543822146216175
0 0.5791084919915382 0.7223642582300128 0.003405862798428523 0.11979050876442926
0 0.6825173768510123 0.7223642582300128 0.0037141130250830955 0.11979050876442926
0 0.5018585675430643 0.6345104745617784 0.05172257479601091 0.0050192389910217105
0 0.24255061952251436 0.4595596408721676 0.03025385312783315 0.0053056861906797155
0 0.24248715624055606 0.5647327917913638 0.030123904502870977 0.0053056861906797155