0 0.5 0.025573465592064477 1 0.048047117172969625
0 0.007457121551081283 0.5 0.014914243102162566 1
0 0.3714578672632364 0.9835709857408556 0.7429157345264727 0.0328580285182889
0 0.9902125279642058 0.28905765654060755 0.019202087994034302 0.5781153130812151
0 0.3500186428038777 0.3541537507749535 0.013982102908277404 0.708307501549907
0 0.6790641312453393 0.2882827030378177 0.013982102908277404 0.5765654060756354
0 0.8266219239373602 0.5657160570365778 0.34638329604772555 0.02169869807811531
0 0.10906040268456375 0.675759454432734 0.2181208053691275 0.02169869807811531
0 0.20879940343027592 0.7766584004959702 0.013049962714392245 0.44668319900805953
0 0.183165548098434 0.5633911965282083 0.34395973154362414 0.02634841909485431
0 0.7331282624906786 0.8355548667079975 0.015846383296047727 0.32889026658400494
0 0.8086316181953765 0.6835089894606323 0.1668530947054437 0.024798512089274645
0 0.8841349739000746 0.6253874767513949 0.013982102908277404 0.14104153750774953
0 0.4607811334824758 0.6136360818350899 0.017708799403430234 0.12249225046497213
0 0.6611465324384788 0.6166769993800372 0.013435868754660647 0.12380037197768137
0 0.6913758389261745 0.6683384996900186 0.07165734526472779 0.02047737135771866
0 0.7202069351230426 0.6162120272783633 0.01287658463832955 0.12287042777433357
0 0.6337155108128263 0.9058431494110354 0.010076435495898617 0.18831370117792934
0 0.6852181208053691 0.8205300681959083 0.11196308724832209 0.017684438933664035
0 0.349886278896346 0.935486670799752 0.013435868754660732 0.12845629262244254
0 0.42686241610738257 0.9396776193428394 0.14723154362416108 0.028856168629882252
0 0.49030574198359433 0.96264724116553 0.020507084265473527 0.07470551766893986