0 0.500366847826087 0.06796195652173913 0.8848369565217391 0.020040760869565216
0 0.06796195652173913 0.500366847826087 0.01917119565217391 0.8857065217391306
0 0.500366847826087 0.9329891304347825 0.8848641304347826 0.01873641304347821
0 0.9323369565217392 0.500366847826087 0.020095108695652123 0.8855842391304347
0 0.5152989130434783 0.5001902173913043 0.01480978260869562 0.8868206521739131
0 0.29066576086956525 0.5810326086956522 0.4653125 0.014198369565217453
0 0.7251358695652175 0.5973777173913044 0.4344565217391304 0.013573369565217404
0 0.5884375 0.44649456521739134 0.16354619565217393 0.012961956521739081
0 0.6634239130434783 0.3974320652173913 0.013573369565217404 0.11108695652173912
0 0.7994972826086956 0.3489945652173913 0.2844972826086957 0.015434782608695671
0 0.26625 0.7582336956521738 0.014728260869565184 0.36991847826086954