0 0.492793427230047 0.1985625 0.6814319248826293 0.013249999999999984
0 0.16185446009389673 0.454609375 0.01901408450704224 0.5254687500000002
0 0.49307511737089205 0.7103125 0.6814319248826293 0.0140625
0 0.8225117370892019 0.454515625 0.020985915492957873 0.5254843749999999
0 0.25938967136150237 0.508703125 0.21403755868544602 0.007796875000000014
0 0.6573943661971832 0.5085 0.3525117370892018 0.007390625000000028
0 0.48699530516431927 0.61125 0.0117136150234742 0.21246875000000004
0 0.6577699530516431 0.42259375 0.35107981220657286 0.0075937500000000215
0 0.3706338028169014 0.27335937499999996 0.0104225352112676 0.16265625
0 0.48706572769953055 0.30895312500000005 0.010211267605633857 0.23514062500000005
0 0.32244131455399067 0.35139062499999996 0.34035211267605636 0.006656249999999986
0 0.6043427230046948 0.46546875 0.01164319248826293 0.09365625000000008