0 0.028535714285714286 0.47244791666666663 0.01489285714285714 0.8155208333333334
0 0.5012142857142857 0.8709375 0.961 0.013776041666666572
0 0.9733928571428572 0.4713541666666667 0.018214285714285794 0.8130208333333334
0 0.2634642857142857 0.5067447916666666 0.4851785714285714 0.008437500000000023
0 0.2785 0.45817708333333335 0.015035714285714314 0.10401041666666666
0 0.3843214285714286 0.4775520833333333 0.011749999999999972 0.06523437500000002
0 0.4895714285714286 0.42984375 0.036678571428571366 0.010416666666666666
0 0.5 0.6509635416666667 0.014285714285714285 0.45377604166666674
0 0.5011785714285715 0.06986979166666667 0.9621785714285715 0.014427083333333332
0 0.348 0.19424479166666667 0.013999999999999955 0.263515625
0 0.18767857142857142 0.2328125 0.33249999999999996 0.013020833333333334
0 0.13214285714285715 0.240625 0.01500000000000001 0.029166666666666636
0 0.46903571428571433 0.32192708333333336 0.39107142857142857 0.0082552083333333
0 0.27964285714285714 0.32750000000000007 0.013285714285714281 0.01937500000000003
0 0.6545 0.101640625 0.016964285714285713 0.078046875
0 0.13717857142857143 0.474375 0.010035714285714294 0.07627604166666672