0 0.15544313725490197 0.2114060606060606 0.014133333333333319 0.1951757575757576
0 0.4920705882352942 0.12193333333333334 0.688807843137255 0.016381818181818164
0 0.1948392156862745 0.300969696969697 0.09364705882352944 0.008460606060606083
0 0.17747450980392157 0.35086666666666666 0.01585882352941174 0.10766666666666669
0 0.23900392156862746 0.6752545454545456 0.18095686274509806 0.013521212121212088
0 0.32414901960784315 0.7097151515151515 0.00981960784313724 0.18798181818181822
0 0.5749725490196078 0.7946363636363637 0.5191529411764705 0.01615757575757567
0 0.8266980392156863 0.4580181818181818 0.016219607843137127 0.6887333333333332
0 0.6527764705882353 0.5646060606060607 0.3640549019607844 0.007915151515151483
0 0.4752313725490196 0.7123515151515152 0.010666666666666595 0.1794060606060606
0 0.40032941176470593 0.6472181818181819 0.16218039215686278 0.008242424242424187
0 0.37829019607843134 0.503909090909091 0.011396078431372528 0.2967818181818182
0 0.15744313725490197 0.5366969696969697 0.019709803921568625 0.2873333333333333
0 0.22792941176470588 0.44134545454545454 0.16063529411764704 0.00894545454545454
0 0.30101176470588237 0.4184242424242424 0.014470588235294153 0.12636363636363637
0 0.338878431372549 0.3598969696969697 0.08827450980392153 0.009321212121212187
0 0.33864313725490197 0.47675757575757577 0.08876078431372546 0.00894545454545454
0 0.3504627450980392 0.5624909090909092 0.06512156862745096 0.00894545454545454
0 0.4749176470588235 0.4649212121212121 0.011098039215686346 0.21489696969696964
0 0.6521960784313725 0.3619515151515152 0.3656549019607843 0.00894545454545454
0 0.5024156862745098 0.4799272727272727 0.06319215686274504 0.00857575757575763
0 0.5284627450980391 0.3749939393939394 0.011098039215686346 0.0350363636363636
0 0.36861960784313724 0.14178787878787877 0.00985098039215682 0.055800000000000016
0 0.7605725490196078 0.33146666666666663 0.012243137254901882 0.06863030303030304