0 0.27805714285714284 0.6253673469387755 0.0132714285714286 0.5976734693877551
0 0.37698571428571426 0.3359795918367347 0.21351428571428577 0.018204081632653094
0 0.47641428571428573 0.6009183673469387 0.010828571428571488 0.6428163265306123
0 0.5009571428571429 0.9150408163265307 0.45761428571428575 0.014571428571428544
0 0.7230714285714286 0.6000204081632653 0.01211428571428574 0.6464489795918367
0 0.6000428571428571 0.28720408163265304 0.25698571428571426 0.015816326530612244
0 0.3710285714285715 0.46416326530612245 0.011685714285714254 0.2731428571428572
0 0.324 0.5621020408163265 0.10451428571428567 0.015816326530612244
0 0.4239 0.5924081632653061 0.11865714285714282 0.016693877551020305
0 0.44541428571428576 0.5006122448979592 0.15800000000000003 0.015816326530612244
0 0.6529142857142858 0.481734693877551 0.1524714285714286 0.016693877551020423
0 0.5187142857142858 0.3934489795918367 0.010714285714285714 0.23114285714285712