0 0.4337239583333333 0.07629572385368368 0.6910052083333333 0.012539927872230796
0 0.09403645833333334 0.46091190108191654 0.010567708333333344 0.7828181349819681
0 0.4334635416666667 0.8452653271509531 0.6904739583333334 0.013065430190623456
0 0.7728854166666667 0.4613549716640907 0.013734374999999943 0.7826635754765585
0 0.21555729166666668 0.22723853683668213 0.2535520833333333 0.011653786707882537
0 0.33670833333333333 0.19222050489438436 0.010578124999999971 0.24493560020607938
0 0.18258854166666666 0.3663472436888202 0.18950000000000003 0.011962905718701714
0 0.2712864583333333 0.36620814013395153 0.012093750000000014 0.11822256568778981
0 0.2992239583333333 0.31307573415765066 0.06796354166666667 0.012534775888717119
0 0.459921875 0.21155589902112312 0.060703124999999976 0.010855229263266384
0 0.484453125 0.1435342606903658 0.010645833333333361 0.14723338485316845
0 0.43529687499999997 0.3174446161772282 0.011229166666666639 0.49529623905203507
0 0.20486458333333332 0.19528593508500774 0.011656249999999998 0.07591447707367338
0 0.6046354166666668 0.30659453889747557 0.3497135416666666 0.01192168985059253
0 0.560453125 0.3924162802679031 0.2618854166666667 0.01880473982483256