0 0.5000679347826086 0.09367753623188406 0.7361277173913043 0.0198731884057971
0 0.14717391304347824 0.42865036231884057 0.02927989130434784 0.6898188405797101
0 0.3196195652173913 0.7680615942028985 0.3752445652173914 0.009583333333333267
0 0.8528260869565216 0.4787590579710145 0.030067934782608843 0.7904528985507245
0 0.6809646739130434 0.8647916666666667 0.37461956521739126 0.018931159420289938
0 0.49997282608695653 0.4788949275362319 0.015801630434782603 0.7908152173913043
0 0.6800135869565217 0.30730072463768116 0.3753804347826087 0.009157608695652186
0 0.6802038043478261 0.5144836956521739 0.375 0.0071739130434783265
0 0.6113315217391304 0.5613858695652174 0.015217391304347887 0.10049818840579715
0 0.735625 0.6090126811594203 0.26360054347826084 0.005760869565217301
0 0.26357336956521743 0.40288043478260865 0.2632472826086957 0.009356884057971051
0 0.26441576086956525 0.5005434782608695 0.26425271739130435 0.00913043478260863
0 0.38918478260869566 0.4516576086956522 0.014035326086956578 0.10690217391304346