0 0.07036684782608696 0.5220642201834862 0.030461956521739133 0.5004204892966361
0 0.4831250000000001 0.7632951070336391 0.855991847826087 0.017958715596330284
0 0.8929891304347827 0.5220565749235474 0.03046195652173923 0.4988073394495413
0 0.48240489130434777 0.2804204892966361 0.8516440217391303 0.01877675840978589
0 0.17815217391304347 0.4142278287461773 0.2497690217391305 0.0072324159021407005
0 0.29782608695652174 0.43334862385321105 0.010407608695652208 0.045474006116207964
0 0.35690217391304346 0.4522935779816514 0.12855978260869566 0.006888379204892959
0 0.41445652173913045 0.5234250764525994 0.011019021739130453 0.22287461773700304
0 0.49650815217391303 0.5540825688073394 0.8252853260869565 0.0058562691131499095
0 0.5494836956521739 0.5933562691131499 0.012853260869565267 0.08439602446483188
0 0.4821467391304348 0.6307339449541285 0.14631793478260877 0.007576452599388442
0 0.4818478260869565 0.6994495412844036 0.012241847826086944 0.14433486238532106