0 0.24256060606060606 0.06098780487804878 0.3827272727272727 0.012081300813008119
0 0.05618560606060607 0.3544349593495935 0.011295454545454543 0.5991260162601626
0 0.4282159090909091 0.3939715447154472 0.01142803030303033 0.6789308943089432
0 0.2419848484848485 0.648569105691057 0.38332954545454545 0.013873983739837442
0 0.35100757575757574 0.6883170731707317 0.01153030303030305 0.09337398373983732
0 0.3896212121212121 0.727130081300813 0.08875757575757577 0.01275203252032516
0 0.14372727272727273 0.3501260162601626 0.1864393939393939 0.00852439024390245
0 0.1916818181818182 0.29158943089430894 0.08971969696969698 0.008292682926829305
0 0.2326780303030303 0.32103658536585367 0.007727272727272761 0.0671869918699187
0 0.15081818181818182 0.3213170731707317 0.007727272727272719 0.06831300813008129
0 0.39396590909090906 0.31782113821138214 0.0791174242424242 0.007967479674796711
0 0.3941704545454545 0.43496341463414634 0.07898106060606055 0.008402439024390274
0 0.3582575757575757 0.3764268292682927 0.00796590909090908 0.1254756097560976
0 0.7424469696969697 0.06069105691056911 0.3829166666666666 0.012479674796747962
0 0.5566704545454545 0.3539308943089431 0.011363636363636364 0.6000975609756097
0 0.7421818181818182 0.6480243902439025 0.3834469696969696 0.012479674796747893
0 0.9280909090909091 0.3543577235772358 0.01162878787878781 0.6003821138211383
0 0.76425 0.3543577235772358 0.00792803030303024 0.6003821138211383
0 0.6596022727272727 0.3957642276422764 0.21775378787878782 0.008223577235772364
0 0.8469621212121212 0.3214593495934959 0.17282954545454537 0.009357723577235764
0 0.8784128787878789 0.4316382113821138 0.11151893939393934 0.007939024390243984
0 0.8474924242424243 0.4987113821138211 0.17335606060606054 0.008792682926829313