0 0.5003333333333333 0.032200000000000006 0.6092083333333332 0.014688888888888892
0 0.20123333333333332 0.1796333333333333 0.01101666666666669 0.3084222222222222
0 0.3897583333333333 0.3256444444444444 0.38721666666666665 0.014122222222222263
0 0.40310833333333335 0.30417777777777777 0.011441666666666682 0.5586555555555555
0 0.5778583333333333 0.21013333333333334 0.01101666666666669 0.37168888888888885
0 0.4897416666666667 0.2344222222222222 0.18555833333333335 0.01581111111111113
0 0.45585 0.0692 0.01101666666666669 0.08868888888888889
0 0.5268083333333333 0.06891111111111112 0.011441666666666682 0.08924444444444443
0 0.49165000000000003 0.10563333333333333 0.08260833333333342 0.0158111111111111
0 0.30224999999999996 0.5132222222222222 0.21394166666666667 0.016200000000000044
0 0.20091666666666666 0.6555555555555556 0.01128333333333335 0.2997111111111111
0 0.49990833333333334 0.7973111111111112 0.6101333333333334 0.015044444444444404
0 0.7995583333333334 0.4145666666666667 0.010849999999999985 0.7805333333333333
0 0.6886416666666667 0.38853333333333334 0.23276666666666662 0.014855555555555561