0 0.3183967391304348 0.048885869565217385 0.2945380434782609 0.02384510869565217
0 0.4498641304347826 0.21873641304347827 0.0161005434782609 0.36474184782608704
0 0.18445652173913044 0.45213315217391303 0.02599184782608695 0.8303804347826085
0 0.4984103260869564 0.8545516304347827 0.653899456521739 0.023709239130434843
0 0.7049728260869565 0.04720108695652174 0.23895380434782618 0.026902173913043476
0 0.5975815217391304 0.08641304347826088 0.023260869565217397 0.10533967391304348
0 0.5255298913043479 0.12676630434782607 0.16826086956521744 0.02461956521739131
0 0.812133152173913 0.4498505434782608 0.025529891304347775 0.8331249999999999
0 0.226875 0.2477445652173913 0.11028532608695654 0.018124999999999968
0 0.3797010869565217 0.22648097826086958 0.017336956521739118 0.07877717391304351
0 0.4147554347826087 0.19476902173913044 0.08744565217391306 0.01615489130434781
0 0.4143614130434783 0.2564130434782609 0.08665760869565213 0.017336956521739118
0 0.3147146739130435 0.3919021739130435 0.28673913043478255 0.018125000000000044
0 0.3377445652173913 0.5388315217391304 0.3328260869565217 0.01654891304347819
0 0.4956929347826087 0.6987364130434782 0.01615489130434781 0.33637228260869556
0 0.4229483695652174 0.4649320652173913 0.017105978260869608 0.16442934782608692