0 0.15403532608695653 0.6094202898550725 0.02137228260869564 0.49625000000000014
0 0.33260869565217394 0.367572463768116 0.38095108695652175 0.013414855072463719
0 0.5139266304347826 0.4686141304347826 0.021100543478260833 0.21558876811594202
0 0.6241032608695651 0.5704076086956522 0.24269021739130436 0.013659420289855007
0 0.7345788043478261 0.6225452898550724 0.021725543478260882 0.1171014492753623
0 0.7625135869565218 0.6734420289855073 0.07634510869565225 0.012826086956521814
0 0.7888858695652174 0.7613768115942029 0.021100543478260833 0.1895199275362319
0 0.47195652173913044 0.8495108695652174 0.6583967391304347 0.014900362318840621
0 0.47054347826086956 0.6777083333333334 0.657445652173913 0.006077898550724671
0 0.4572826086956522 0.795715579710145 0.010679347826086975 0.12241847826086964
0 0.4576494565217391 0.7373550724637681 0.10533967391304344 0.007590579710145026
0 0.5067527173913043 0.6512952898550725 0.007119565217391316 0.1771014492753623
0 0.408179347826087 0.6882427536231884 0.009252717391304274 0.1039130434782609