3 0.0421970109375 0.0768777171875 0.0421970109375 0.5281847828124999 0.88481929375 0.5281847828124999 0.88481929375 0.0768777171875 0.0421970109375 0.0768777171875
5 0.43671875 0.07734375 0.065625 0.01640625
5 0.04296875 0.1765625 0.025 0.12734375
5 0.88671875 0.1765625 0.025 0.15234375
5 0.67109375 0.528125 0.25703125 0.015625
5 0.88671875 0.4375 0.025 0.13203125
5 0.04296875 0.43671875 0.025 0.084375
0 0.41875 0.5 0.0890625 0.07265625
0 0.57734375 0.28515625 0.08828125 0.065625
0 0.40625 0.2890625 0.078125 0.05859375
0 0.29609375 0.28515625 0.08984375 0.065625