3 0.7346422453125 0.9863502796875 0.7333564499999999 0.684920025 0.8850702828125 0.6817132671875 0.8850702828125 0.5673406703125 0.991784303125 0.5652030375 0.9892129015625001 0.0200632359375 0.0095014921875 0.022201178125000002 0.007572893749999999 0.9863502796875 0.3489289703125 0.9863502796875 0.3489289703125 0.9414562921874999 0.452428784375 0.9414562921874999 0.491 0.9414562921874999 0.49035719687499996 0.9863502796875 0.7346422453125 0.9863502796875
4 0.10859375 0.675 0.2015625 0.00078125
4 0.17890625 0.5625 0.3421875 0.00078125
4 0.35 0.62109375 0.00078125 0.16484375
4 0.46015625 0.6140625 0.00078125 0.11875
4 0.678125 0.20625 0.00078125 0.37265625
4 0.690625 0.66953125 0.059375 0.00078125
4 0.68359375 0.82109375 0.09921875 0.00078125
6 0.17421875 0.02421875 0.1140625 0.0484375
6 0.5109375 0.02578125 0.1140625 0.05078125
6 0.84609375 0.02421875 0.1140625 0.0484375
0 0.309375 0.46640625 0.0984375 0.14609375
0 0.71875 0.4671875 0.096875 0.1515625
0 0.4078125 0.86796875 0.09765625 0.171875
0 0.16953125 0.78203125 0.1 0.1484375