3 0.0939625 0.07627563125 0.0950255203125 0.8459191140625 0.3487583328125 0.8438160734375 0.773171875 0.8459191140625 0.773171875 0.0752241109375 0.0939625 0.07627563125
4 0.3375 0.1921875 0.00234375 0.234375
4 0.271875 0.3671875 0.00078125 0.10703125
4 0.5625 0.39140625 0.253125 0.00234375
4 0.4359375 0.31875 0.00078125 0.48671875
4 0.60390625 0.30703125 0.33828125 0.00078125
6 0.23984375 0.0765625 0.1015625 0.0171875
6 0.60859375 0.07734375 0.1046875 0.01875
6 0.77265625 0.190625 0.01953125 0.10234375
6 0.7734375 0.459375 0.02109375 0.0546875
6 0.6984375 0.8453125 0.05546875 0.021875
6 0.221875 0.8453125 0.18828125 0.021875
0 0.30625 0.11953125 0.078125 0.06640625
0 0.3859375 0.1078125 0.07421875 0.08046875
0 0.4125 0.35 0.06171875 0.06640625
0 0.38828125 0.81328125 0.075 0.08046875
6 0.77265625 0.61484375 0.01953125 0.18046875
0 0.48984375 0.11953125 0.02421875 0.05859375
0 0.46640625 0.26484375 0.07265625 0.06328125
0 0.30546875 0.2671875 0.071875 0.0578125