3 0.119373640625 0.1662726453125 0.119373640625 0.7919130437499999 0.8751847828124999 0.7919130437499999 0.8799089671875 0.1662726453125 0.119373640625 0.1662726453125
5 0.26015625 0.7890625 0.13828125 0.01796875
5 0.68125 0.7890625 0.1390625 0.01796875
5 0.12421875 0.23515625 0.0265625 0.03203125
5 0.12421875 0.40546875 0.0265625 0.06171875
5 0.87578125 0.25 0.025 0.06171875
5 0.87578125 0.40546875 0.025 0.06171875
5 0.12421875 0.64921875 0.0265625 0.0625
5 0.87265625 0.634375 0.03046875 0.0625
0 0.565625 0.19140625 0.075 0.06171875
0 0.4625 0.27109375 0.0796875 0.04921875
0 0.67109375 0.3 0.0796875 0.04921875
0 0.67109375 0.35546875 0.0796875 0.04921875
0 0.43828125 0.75625 0.1125 0.08515625
0 0.4625 0.484375 0.0796875 0.0484375
2 0.49453125 0.5453125 0.015625 0.06171875