3 0.9331711953124999 0.06694429375 0.06694429375 0.06694429375 0.06694429375 0.9328220109375 0.9331711953124999 0.9328220109375 0.9331711953124999 0.06694429375
5 0.175 0.93359375 0.10703125 0.02265625
5 0.39140625 0.93359375 0.11328125 0.02265625
5 0.72890625 0.93359375 0.17578125 0.02265625
0 0.4390625 0.11875 0.1125 0.12421875
0 0.56171875 0.34921875 0.1125 0.10078125
0 0.6171875 0.6328125 0.084375 0.08515625
0 0.46953125 0.51015625 0.11015625 0.09921875
0 0.1625 0.62734375 0.10546875 0.11015625
2 0.3953125 0.58125 0.10546875 0.01796875
2 0.51484375 0.63984375 0.01875 0.07109375