3 0.3489704546875 0.7272252031249999 0.4276416671875 0.7272252031249999 0.42861287812500004 0.0622264234375 0.057595074999999996 0.061184146875 0.0556526515625 0.6459243906250001 0.3499416671875 0.6480093499999999 0.3489704546875 0.7272252031249999
4 0.14609375 0.34921875 0.1765625 0.00078125
4 0.2328125 0.31953125 0.00078125 0.05546875
4 0.39375 0.43359375 0.06796875 0.00078125
0 0.165625 0.040625 0.075 0.06328125
0 0.34140625 0.3578125 0.059375 0.071875
0 0.38671875 0.62734375 0.0734375 0.05703125
0 0.3890625 0.7046875 0.08125 0.053125
3 0.9278359843749999 0.061184146875 0.5568181812499999 0.0601418703125 0.5558469703125 0.6490516265624999 0.930749621875 0.6521784546875 0.9278359843749999 0.061184146875
4 0.6609375 0.39609375 0.2078125 0.00234375
5 0.6546875 0.0625 0.10625 0.02734375
5 0.84609375 0.059375 0.090625 0.02578125
5 0.66640625 0.64921875 0.1046875 0.02265625
0 0.74609375 0.35546875 0.05546875 0.06953125
0 0.7984375 0.29765625 0.0734375 0.06171875
0 0.7453125 0.43828125 0.05234375 0.07265625
0 0.81015625 0.46328125 0.0609375 0.08125
0 0.80078125 0.51640625 0.07578125 0.05625